solid inlet
facet normal 0.000000 0.000000 1.000000
outer loop
vertex -0.017500 0.000000 0.500000
vertex -0.017164 -0.003414 0.500000
vertex -0.016168 -0.006697 0.500000
endloop
endfacet
facet normal -0.000101 0.000000 1.000000
outer loop
vertex -0.016168 -0.006697 0.500000
vertex -0.014551 -0.009722 0.500000
vertex -0.012374 -0.012374 0.500000
endloop
endfacet
facet normal 0.000051 0.000000 1.000000
outer loop
vertex -0.012374 -0.012374 0.500000
vertex -0.009722 -0.014551 0.500000
vertex -0.006697 -0.016168 0.500000
endloop
endfacet
facet normal 0.000000 0.000000 1.000000
outer loop
vertex -0.006697 -0.016168 0.500000
vertex -0.003414 -0.017164 0.500000
vertex -0.000000 -0.017500 0.500000
endloop
endfacet
facet normal 0.000000 0.000000 1.000000
outer loop
vertex -0.000000 -0.017500 0.500000
vertex 0.003414 -0.017164 0.500000
vertex 0.006697 -0.016168 0.500000
endloop
endfacet
facet normal -0.000101 0.000000 1.000000
outer loop
vertex 0.006697 -0.016168 0.500000
vertex 0.009722 -0.014551 0.500000
vertex 0.012374 -0.012374 0.500000
endloop
endfacet
facet normal 0.000101 0.000000 1.000000
outer loop
vertex 0.012374 -0.012374 0.500000
vertex 0.014551 -0.009722 0.500000
vertex 0.016168 -0.006697 0.500000
endloop
endfacet
facet normal 0.000000 0.000000 1.000000
outer loop
vertex 0.016168 -0.006697 0.500000
vertex 0.017164 -0.003414 0.500000
vertex 0.017500 0.000000 0.500000
endloop
endfacet
facet normal 0.000000 0.000000 1.000000
outer loop
vertex 0.017500 0.000000 0.500000
vertex 0.017164 0.003414 0.500000
vertex 0.016168 0.006697 0.500000
endloop
endfacet
facet normal 0.000101 0.000000 1.000000
outer loop
vertex 0.016168 0.006697 0.500000
vertex 0.014551 0.009722 0.500000
vertex 0.012374 0.012374 0.500000
endloop
endfacet
facet normal -0.000051 0.000000 1.000000
outer loop
vertex 0.012374 0.012374 0.500000
vertex 0.009722 0.014551 0.500000
vertex 0.006697 0.016168 0.500000
endloop
endfacet
facet normal 0.000000 0.000000 1.000000
outer loop
vertex 0.006697 0.016168 0.500000
vertex 0.003414 0.017164 0.500000
vertex 0.000000 0.017500 0.500000
endloop
endfacet
facet normal 0.000000 0.000000 1.000000
outer loop
vertex 0.000000 0.017500 0.500000
vertex -0.003414 0.017164 0.500000
vertex -0.006697 0.016168 0.500000
endloop
endfacet
facet normal 0.000101 0.000000 1.000000
outer loop
vertex -0.006697 0.016168 0.500000
vertex -0.009722 0.014551 0.500000
vertex -0.012374 0.012374 0.500000
endloop
endfacet
facet normal -0.000101 0.000000 1.000000
outer loop
vertex -0.012374 0.012374 0.500000
vertex -0.014551 0.009722 0.500000
vertex -0.016168 0.006697 0.500000
endloop
endfacet
facet normal 0.000000 0.000000 1.000000
outer loop
vertex -0.016168 0.006697 0.500000
vertex -0.017164 0.003414 0.500000
vertex -0.017500 0.000000 0.500000
endloop
endfacet
facet normal 0.000026 0.000000 1.000000
outer loop
vertex -0.017500 0.000000 0.500000
vertex -0.016168 -0.006697 0.500000
vertex -0.012374 -0.012374 0.500000
endloop
endfacet
facet normal 0.000000 0.000000 1.000000
outer loop
vertex -0.012374 -0.012374 0.500000
vertex -0.006697 -0.016168 0.500000
vertex -0.000000 -0.017500 0.500000
endloop
endfacet
facet normal 0.000000 0.000000 1.000000
outer loop
vertex -0.000000 -0.017500 0.500000
vertex 0.006697 -0.016168 0.500000
vertex 0.012374 -0.012374 0.500000
endloop
endfacet
facet normal -0.000026 0.000000 1.000000
outer loop
vertex 0.012374 -0.012374 0.500000
vertex 0.016168 -0.006697 0.500000
vertex 0.017500 0.000000 0.500000
endloop
endfacet
facet normal -0.000026 0.000000 1.000000
outer loop
vertex 0.017500 0.000000 0.500000
vertex 0.016168 0.006697 0.500000
vertex 0.012374 0.012374 0.500000
endloop
endfacet
facet normal 0.000000 0.000000 1.000000
outer loop
vertex 0.012374 0.012374 0.500000
vertex 0.006697 0.016168 0.500000
vertex 0.000000 0.017500 0.500000
endloop
endfacet
facet normal 0.000000 0.000000 1.000000
outer loop
vertex 0.000000 0.017500 0.500000
vertex -0.006697 0.016168 0.500000
vertex -0.012374 0.012374 0.500000
endloop
endfacet
facet normal 0.000026 0.000000 1.000000
outer loop
vertex -0.012374 0.012374 0.500000
vertex -0.016168 0.006697 0.500000
vertex -0.017500 0.000000 0.500000
endloop
endfacet
facet normal -0.000007 0.000000 1.000000
outer loop
vertex -0.017500 0.000000 0.500000
vertex -0.012374 -0.012374 0.500000
vertex -0.000000 -0.017500 0.500000
endloop
endfacet
facet normal 0.000007 0.000000 1.000000
outer loop
vertex -0.000000 -0.017500 0.500000
vertex 0.012374 -0.012374 0.500000
vertex 0.017500 0.000000 0.500000
endloop
endfacet
facet normal 0.000007 0.000000 1.000000
outer loop
vertex 0.017500 0.000000 0.500000
vertex 0.012374 0.012374 0.500000
vertex 0.000000 0.017500 0.500000
endloop
endfacet
facet normal -0.000007 0.000000 1.000000
outer loop
vertex 0.000000 0.017500 0.500000
vertex -0.012374 0.012374 0.500000
vertex -0.017500 0.000000 0.500000
endloop
endfacet
facet normal 0.000000 0.000000 1.000000
outer loop
vertex -0.017500 0.000000 0.500000
vertex -0.000000 -0.017500 0.500000
vertex 0.017500 0.000000 0.500000
endloop
endfacet
facet normal 0.000000 0.000000 1.000000
outer loop
vertex 0.017500 0.000000 0.500000
vertex 0.000000 0.017500 0.500000
vertex -0.017500 0.000000 0.500000
endloop
endfacet
endsolid
