solid nozzle_up
facet normal 0.000000 0.000000 1.000000
outer loop
vertex 0.032500 -0.000000 0.450000
vertex 0.031875 0.006340 0.450000
vertex 0.030026 0.012437 0.450000
endloop
endfacet
facet normal -0.000059 0.000000 1.000000
outer loop
vertex 0.030026 0.012437 0.450000
vertex 0.027023 0.018056 0.450000
vertex 0.022981 0.022981 0.450000
endloop
endfacet
facet normal 0.000029 0.000000 1.000000
outer loop
vertex 0.022981 0.022981 0.450000
vertex 0.018056 0.027023 0.450000
vertex 0.012437 0.030026 0.450000
endloop
endfacet
facet normal -0.000015 0.000000 1.000000
outer loop
vertex 0.012437 0.030026 0.450000
vertex 0.006340 0.031876 0.450000
vertex -0.000000 0.032500 0.450000
endloop
endfacet
facet normal 0.000015 0.000000 1.000000
outer loop
vertex -0.000000 0.032500 0.450000
vertex -0.006340 0.031876 0.450000
vertex -0.012437 0.030026 0.450000
endloop
endfacet
facet normal -0.000029 0.000000 1.000000
outer loop
vertex -0.012437 0.030026 0.450000
vertex -0.018056 0.027023 0.450000
vertex -0.022981 0.022981 0.450000
endloop
endfacet
facet normal 0.000059 0.000000 1.000000
outer loop
vertex -0.022981 0.022981 0.450000
vertex -0.027023 0.018056 0.450000
vertex -0.030026 0.012437 0.450000
endloop
endfacet
facet normal 0.000000 0.000000 1.000000
outer loop
vertex -0.030026 0.012437 0.450000
vertex -0.031875 0.006340 0.450000
vertex -0.032500 -0.000000 0.450000
endloop
endfacet
facet normal 0.000000 0.000000 1.000000
outer loop
vertex -0.032500 -0.000000 0.450000
vertex -0.017500 0.000000 0.450000
vertex -0.017164 0.003414 0.450000
endloop
endfacet
facet normal 0.000005 0.000000 1.000000
outer loop
vertex -0.032500 -0.000000 0.450000
vertex -0.017164 0.003414 0.450000
vertex -0.016168 0.006697 0.450000
endloop
endfacet
facet normal 0.000015 0.000000 1.000000
outer loop
vertex -0.022981 0.022981 0.450000
vertex -0.030026 0.012437 0.450000
vertex -0.032500 -0.000000 0.450000
endloop
endfacet
facet normal 0.000000 0.000000 1.000000
outer loop
vertex -0.000000 0.032500 0.450000
vertex -0.012437 0.030026 0.450000
vertex -0.022981 0.022981 0.450000
endloop
endfacet
facet normal -0.000004 0.000000 1.000000
outer loop
vertex 0.022981 0.022981 0.450000
vertex 0.012437 0.030026 0.450000
vertex -0.000000 0.032500 0.450000
endloop
endfacet
facet normal -0.000015 0.000000 1.000000
outer loop
vertex 0.032500 -0.000000 0.450000
vertex 0.030026 0.012437 0.450000
vertex 0.022981 0.022981 0.450000
endloop
endfacet
facet normal 0.000000 0.000000 1.000000
outer loop
vertex 0.017164 0.003414 0.450000
vertex 0.017500 0.000000 0.450000
vertex 0.032500 -0.000000 0.450000
endloop
endfacet
facet normal 0.000000 0.000000 1.000000
outer loop
vertex 0.016168 0.006697 0.450000
vertex 0.017164 0.003414 0.450000
vertex 0.032500 -0.000000 0.450000
endloop
endfacet
facet normal 0.000004 0.000000 1.000000
outer loop
vertex 0.032500 -0.000000 0.450000
vertex 0.022981 0.022981 0.450000
vertex -0.000000 0.032500 0.450000
endloop
endfacet
facet normal -0.000004 0.000000 1.000000
outer loop
vertex -0.000000 0.032500 0.450000
vertex -0.022981 0.022981 0.450000
vertex -0.032500 -0.000000 0.450000
endloop
endfacet
facet normal -0.000018 0.000000 1.000000
outer loop
vertex -0.032500 -0.000000 0.450000
vertex -0.016168 0.006697 0.450000
vertex -0.014551 0.009722 0.450000
endloop
endfacet
facet normal 0.000018 0.000000 1.000000
outer loop
vertex -0.032500 -0.000000 0.450000
vertex -0.014551 0.009722 0.450000
vertex -0.012374 0.012374 0.450000
endloop
endfacet
facet normal 0.000012 0.000000 1.000000
outer loop
vertex 0.014551 0.009722 0.450000
vertex 0.016168 0.006697 0.450000
vertex 0.032500 -0.000000 0.450000
endloop
endfacet
facet normal 0.000000 0.000000 1.000000
outer loop
vertex 0.012374 0.012374 0.450000
vertex 0.014551 0.009722 0.450000
vertex 0.032500 -0.000000 0.450000
endloop
endfacet
facet normal 0.000000 0.000000 1.000000
outer loop
vertex -0.000000 0.032500 0.450000
vertex -0.032500 -0.000000 0.450000
vertex -0.012374 0.012374 0.450000
endloop
endfacet
facet normal 0.000018 0.000000 1.000000
outer loop
vertex -0.000000 0.032500 0.450000
vertex -0.012374 0.012374 0.450000
vertex -0.009722 0.014551 0.450000
endloop
endfacet
facet normal 0.000000 0.000000 1.000000
outer loop
vertex 0.012374 0.012374 0.450000
vertex 0.032500 -0.000000 0.450000
vertex -0.000000 0.032500 0.450000
endloop
endfacet
facet normal -0.000070 0.000000 1.000000
outer loop
vertex 0.009722 0.014551 0.450000
vertex 0.012374 0.012374 0.450000
vertex -0.000000 0.032500 0.450000
endloop
endfacet
facet normal -0.000006 0.000000 1.000000
outer loop
vertex -0.000000 0.032500 0.450000
vertex -0.009722 0.014551 0.450000
vertex -0.006697 0.016168 0.450000
endloop
endfacet
facet normal 0.000002 0.000000 1.000000
outer loop
vertex -0.000000 0.032500 0.450000
vertex -0.006697 0.016168 0.450000
vertex -0.003414 0.017164 0.450000
endloop
endfacet
facet normal 0.000048 0.000000 1.000000
outer loop
vertex 0.006697 0.016168 0.450000
vertex 0.009722 0.014551 0.450000
vertex -0.000000 0.032500 0.450000
endloop
endfacet
facet normal 0.000000 0.000000 1.000000
outer loop
vertex 0.003414 0.017164 0.450000
vertex 0.006697 0.016168 0.450000
vertex -0.000000 0.032500 0.450000
endloop
endfacet
facet normal -0.000002 0.000000 1.000000
outer loop
vertex -0.000000 0.032500 0.450000
vertex -0.003414 0.017164 0.450000
vertex 0.000000 0.017500 0.450000
endloop
endfacet
facet normal 0.000002 0.000000 1.000000
outer loop
vertex -0.000000 0.032500 0.450000
vertex 0.000000 0.017500 0.450000
vertex 0.003414 0.017164 0.450000
endloop
endfacet
facet normal 0.000002 0.000000 1.000000
outer loop
vertex 0.031875 -0.006340 0.450000
vertex 0.032500 -0.000000 0.450000
vertex 0.017500 0.000000 0.450000
endloop
endfacet
facet normal 0.000000 0.000000 1.000000
outer loop
vertex 0.031875 -0.006340 0.450000
vertex 0.017500 0.000000 0.450000
vertex 0.017164 -0.003414 0.450000
endloop
endfacet
facet normal 0.000000 0.000000 1.000000
outer loop
vertex 0.027023 -0.018056 0.450000
vertex 0.030026 -0.012437 0.450000
vertex 0.031875 -0.006340 0.450000
endloop
endfacet
facet normal -0.000059 0.000000 1.000000
outer loop
vertex 0.018056 -0.027023 0.450000
vertex 0.022981 -0.022981 0.450000
vertex 0.027023 -0.018056 0.450000
endloop
endfacet
facet normal 0.000000 0.000000 1.000000
outer loop
vertex 0.006340 -0.031876 0.450000
vertex 0.012437 -0.030026 0.450000
vertex 0.018056 -0.027023 0.450000
endloop
endfacet
facet normal 0.000000 0.000000 1.000000
outer loop
vertex -0.006340 -0.031876 0.450000
vertex -0.000000 -0.032500 0.450000
vertex 0.006340 -0.031876 0.450000
endloop
endfacet
facet normal 0.000015 0.000000 1.000000
outer loop
vertex -0.018056 -0.027023 0.450000
vertex -0.012437 -0.030026 0.450000
vertex -0.006340 -0.031876 0.450000
endloop
endfacet
facet normal 0.000029 0.000000 1.000000
outer loop
vertex -0.027023 -0.018056 0.450000
vertex -0.022981 -0.022981 0.450000
vertex -0.018056 -0.027023 0.450000
endloop
endfacet
facet normal 0.000000 0.000000 1.000000
outer loop
vertex -0.031875 -0.006340 0.450000
vertex -0.030026 -0.012437 0.450000
vertex -0.027023 -0.018056 0.450000
endloop
endfacet
facet normal 0.000000 0.000000 1.000000
outer loop
vertex -0.017500 0.000000 0.450000
vertex -0.032500 -0.000000 0.450000
vertex -0.031875 -0.006340 0.450000
endloop
endfacet
facet normal 0.000000 0.000000 1.000000
outer loop
vertex -0.017164 -0.003414 0.450000
vertex -0.017500 0.000000 0.450000
vertex -0.031875 -0.006340 0.450000
endloop
endfacet
facet normal 0.000000 0.000000 1.000000
outer loop
vertex -0.031875 -0.006340 0.450000
vertex -0.027023 -0.018056 0.450000
vertex -0.018056 -0.027023 0.450000
endloop
endfacet
facet normal 0.000000 0.000000 1.000000
outer loop
vertex -0.018056 -0.027023 0.450000
vertex -0.006340 -0.031876 0.450000
vertex 0.006340 -0.031876 0.450000
endloop
endfacet
facet normal 0.000000 0.000000 1.000000
outer loop
vertex 0.006340 -0.031876 0.450000
vertex 0.018056 -0.027023 0.450000
vertex 0.027023 -0.018056 0.450000
endloop
endfacet
facet normal 0.000001 0.000000 1.000000
outer loop
vertex 0.027023 -0.018056 0.450000
vertex 0.031875 -0.006340 0.450000
vertex 0.017164 -0.003414 0.450000
endloop
endfacet
facet normal -0.000010 0.000000 1.000000
outer loop
vertex 0.027023 -0.018056 0.450000
vertex 0.017164 -0.003414 0.450000
vertex 0.016168 -0.006697 0.450000
endloop
endfacet
facet normal 0.000000 0.000000 1.000000
outer loop
vertex -0.018056 -0.027023 0.450000
vertex 0.006340 -0.031876 0.450000
vertex 0.027023 -0.018056 0.450000
endloop
endfacet
facet normal 0.000000 0.000000 1.000000
outer loop
vertex -0.017164 -0.003414 0.450000
vertex -0.031875 -0.006340 0.450000
vertex -0.018056 -0.027023 0.450000
endloop
endfacet
facet normal 0.000070 0.000000 1.000000
outer loop
vertex -0.016168 -0.006697 0.450000
vertex -0.017164 -0.003414 0.450000
vertex -0.018056 -0.027023 0.450000
endloop
endfacet
facet normal 0.000005 0.000000 1.000000
outer loop
vertex 0.027023 -0.018056 0.450000
vertex 0.016168 -0.006697 0.450000
vertex 0.014551 -0.009722 0.450000
endloop
endfacet
facet normal 0.000000 0.000000 1.000000
outer loop
vertex 0.027023 -0.018056 0.450000
vertex 0.014551 -0.009722 0.450000
vertex 0.012374 -0.012374 0.450000
endloop
endfacet
facet normal 0.000000 0.000000 1.000000
outer loop
vertex -0.014551 -0.009722 0.450000
vertex -0.016168 -0.006697 0.450000
vertex -0.018056 -0.027023 0.450000
endloop
endfacet
facet normal 0.000020 0.000000 1.000000
outer loop
vertex -0.012374 -0.012374 0.450000
vertex -0.014551 -0.009722 0.450000
vertex -0.018056 -0.027023 0.450000
endloop
endfacet
facet normal 0.000005 0.000000 1.000000
outer loop
vertex 0.027023 -0.018056 0.450000
vertex 0.012374 -0.012374 0.450000
vertex 0.009722 -0.014551 0.450000
endloop
endfacet
facet normal -0.000003 0.000000 1.000000
outer loop
vertex 0.027023 -0.018056 0.450000
vertex 0.009722 -0.014551 0.450000
vertex 0.006697 -0.016168 0.450000
endloop
endfacet
facet normal -0.000018 0.000000 1.000000
outer loop
vertex -0.009722 -0.014551 0.450000
vertex -0.012374 -0.012374 0.450000
vertex -0.018056 -0.027023 0.450000
endloop
endfacet
facet normal 0.000018 0.000000 1.000000
outer loop
vertex -0.006697 -0.016168 0.450000
vertex -0.009722 -0.014551 0.450000
vertex -0.018056 -0.027023 0.450000
endloop
endfacet
facet normal -0.000000 0.000000 1.000000
outer loop
vertex -0.018056 -0.027023 0.450000
vertex 0.027023 -0.018056 0.450000
vertex 0.006697 -0.016168 0.450000
endloop
endfacet
facet normal -0.000011 0.000000 1.000000
outer loop
vertex -0.018056 -0.027023 0.450000
vertex 0.006697 -0.016168 0.450000
vertex 0.003414 -0.017164 0.450000
endloop
endfacet
facet normal 0.000000 0.000000 1.000000
outer loop
vertex -0.003414 -0.017164 0.450000
vertex -0.006697 -0.016168 0.450000
vertex -0.018056 -0.027023 0.450000
endloop
endfacet
facet normal 0.000003 0.000000 1.000000
outer loop
vertex -0.018056 -0.027023 0.450000
vertex 0.003414 -0.017164 0.450000
vertex -0.000000 -0.017500 0.450000
endloop
endfacet
facet normal 0.000000 0.000000 1.000000
outer loop
vertex -0.000000 -0.017500 0.450000
vertex -0.003414 -0.017164 0.450000
vertex -0.018056 -0.027023 0.450000
endloop
endfacet
endsolid
